action step x1 x2 x3 x4 x5 x6 x7 state_reward transition_reward
- 0 1 1 1 1 1 1 1 1.0 0.0
[step] 1 1 0 0 0 1 1 0 1.0 0.0
[step] 2 0 1 0 0 0 1 1 1.0 0.0
[step] 3 1 0 1 1 0 0 1 1.0 0.0
[step] 4 1 1 0 0 1 1 0 1.0 0.0
[step] 5 0 1 1 1 0 0 1 1.0 0.0
[step] 6 1 0 0 0 1 0 0 1.0 0.0
[step] 7 0 1 1 0 0 1 0 1.0 0.0
[step] 8 1 0 0 1 1 0 1 1.0 0.0
[step] 9 1 1 1 0 1 1 0 1.0 0.0
[step] 10 0 1 0 1 0 1 1 1.0 0.0
[step] 11 1 0 1 0 1 0 1 1.0 0.0
[step] 12 0 1 0 1 0 1 0 1.0 0.0
[step] 13 0 0 1 0 1 0 1 1.0 0.0
[step] 14 1 1 0 1 0 1 0 1.0 0.0
[step] 15 0 1 1 0 1 0 1 1.0 0.0
[step] 16 1 0 0 1 0 1 0 1.0 0.0
[step] 17 0 1 1 0 1 0 1 1.0 0.0
[step] 18 1 0 0 1 0 1 0 1.0 0.0
[step] 19 0 1 1 0 1 0 1 1.0 0.0
[step] 20 1 0 0 1 0 1 0 1.0 0.0
[step] 21 0 1 0 0 1 0 1 1.0 0.0
[step] 22 1 0 1 1 0 1 0 1.0 0.0
[step] 23 0 1 0 1 1 0 1 1.0 0.0
[step] 24 1 0 1 0 1 1 0 1.0 0.0
[step] 25 0 1 0 1 0 0 1 1.0 0.0
[step] 26 1 0 1 0 1 1 0 1.0 0.0
[step] 27 0 1 0 1 0 1 1 1.0 0.0
[step] 28 1 0 1 0 1 0 1 1.0 0.0
[step] 29 1 1 0 1 0 1 0 1.0 0.0
[step] 30 0 1 1 0 1 0 1 1.0 0.0
[step] 31 1 0 1 1 0 1 0 1.0 0.0
[step] 32 0 1 0 1 1 0 1 1.0 0.0
[step] 33 1 0 1 0 0 1 0 1.0 0.0
[step] 34 0 1 0 1 0 0 1 1.0 0.0
[step] 35 1 0 1 0 1 0 0 1.0 0.0
[step] 36 0 1 0 1 0 1 1 1.0 0.0
[step] 37 1 0 1 0 1 0 1 1.0 0.0
[step] 38 0 1 0 1 0 1 0 1.0 0.0
[step] 39 0 0 1 0 1 0 1 1.0 0.0
[step] 40 1 0 0 1 0 1 0 1.0 0.0
[step] 41 0 1 0 0 1 0 1 1.0 0.0
[step] 42 1 0 1 1 0 1 0 1.0 0.0
[step] 43 0 1 0 0 1 0 1 1.0 0.0
[step] 44 1 0 1 0 0 1 0 1.0 0.0
[step] 45 0 1 0 1 0 0 1 1.0 0.0
[step] 46 1 0 1 0 1 1 0 1.0 0.0
[step] 47 0 1 0 1 0 0 1 1.0 0.0
[step] 48 1 0 1 0 1 1 0 1.0 0.0
[step] 49 0 1 0 1 0 1 1 1.0 0.0
[step] 50 1 0 1 0 1 0 1 1.0 0.0
[step] 51 1 1 0 1 0 1 0 1.0 0.0
[step] 52 0 0 1 0 1 0 1 1.0 0.0
[step] 53 1 1 0 1 0 1 0 1.0 0.0
[step] 54 0 1 1 0 1 0 1 1.0 0.0
[step] 55 1 0 0 1 0 1 0 1.0 0.0
[step] 56 0 1 1 0 1 0 1 1.0 0.0
[step] 57 1 0 1 1 0 1 0 1.0 0.0
[step] 58 0 1 0 1 1 0 1 1.0 0.0
[step] 59 1 0 1 0 0 1 0 1.0 0.0
[step] 60 0 1 0 1 1 0 1 1.0 0.0
[step] 61 1 0 1 0 0 1 0 1.0 0.0
[step] 62 0 1 0 1 1 0 1 1.0 0.0
[step] 63 1 0 1 0 1 1 0 1.0 0.0
[step] 64 0 1 0 1 0 1 1 1.0 0.0
[step] 65 1 0 1 0 1 0 0 1.0 0.0
[step] 66 0 1 0 1 0 1 0 1.0 0.0
[step] 67 1 0 1 0 1 0 1 1.0 0.0
[step] 68 0 1 0 1 0 1 0 1.0 0.0
[step] 69 1 0 1 0 1 0 1 1.0 0.0
[step] 70 1 1 0 1 0 1 0 1.0 0.0
[step] 71 0 0 1 0 1 0 1 1.0 0.0
[step] 72 1 0 0 1 0 1 0 1.0 0.0
[step] 73 0 1 0 0 1 0 1 1.0 0.0
[step] 74 1 0 1 0 0 1 0 1.0 0.0
[step] 75 0 1 0 1 1 0 1 1.0 0.0
[step] 76 1 0 1 0 1 1 0 1.0 0.0
[step] 77 0 1 0 1 0 1 1 1.0 0.0
[step] 78 1 0 1 0 1 0 1 1.0 0.0
[step] 79 0 1 0 1 0 1 0 1.0 0.0
[step] 80 1 0 1 0 1 0 1 1.0 0.0
[step] 81 1 1 0 1 0 1 0 1.0 0.0
[step] 82 0 0 1 0 1 0 1 1.0 0.0
[step] 83 1 0 0 1 0 1 0 1.0 0.0
[step] 84 0 1 1 0 1 0 1 1.0 0.0
[step] 85 1 0 1 1 0 1 0 1.0 0.0
[step] 86 0 1 0 1 1 0 1 1.0 0.0
[step] 87 1 0 1 0 1 1 0 1.0 0.0
[step] 88 0 1 0 1 0 0 1 1.0 0.0
[step] 89 1 0 1 0 1 0 0 1.0 0.0
[step] 90 0 1 0 1 0 1 1 1.0 0.0
[step] 91 1 0 1 0 1 0 0 1.0 0.0
[step] 92 0 1 0 1 0 1 1 1.0 0.0
[step] 93 1 0 1 0 1 0 0 1.0 0.0
[step] 94 0 1 0 1 0 1 0 1.0 0.0
[step] 95 0 0 1 0 1 0 1 1.0 0.0
[step] 96 1 1 0 1 0 1 0 1.0 0.0
[step] 97 0 1 1 0 1 0 1 1.0 0.0
[step] 98 1 0 0 1 0 1 0 1.0 0.0
[step] 99 0 1 0 0 1 0 1 0.0 0.0
[step] 100 1 0 1 1 0 1 0 0.0 0.0
